1304
1308
1309
1503
1513
1514
1519
1521
1524
1533
1536
1540
1568
1603
1605
1608
1609
1616
1617
1618
1711
1721
1727
1760
1795
1802
1815
2002
2007
2009
2014
2028
2038
2049
2070
2337
2344
2349
2356
2359
2365
2367
2374
2375
2376
2377
2379
2388
2399
2406
2408
2409
2417
2421
2425
2451
2453
2464
2465
2467
2468
2471
2472
2492
2497
2498
2603
2605
2606
2609
2612
2615
2630
2634
2637
2704
2705
2707
2722
2731
2736
2739
2743
2748
3006
3013
3017
3019
3029
3032
3034
3035
3037
3050
3073
3081
3128
3163
3167
3189
3211
3231
3234
3260
3293
3294
3297
3323
3324
3338
3362
3363
3379
3383
3443
3450
3481
3504
3508
3515
3529
3535
3545
3558
3576
3580
3645
3661
3663
3669
3687
3691
3693
3707
3715
4116
4510
4540
4541
4562
4563
4576
4583
4743
4755
4903
4908
4931
4934
4956
4961
4967
4976
4979
4991
5251
5309
5371
5386
5438
5443
5469
5478
5608
5706
5765
6104
6117
6118
6140
6148
6150
6173
6180
6188
6215
6230
6237
6243
6244
6442
6443
6446
6451
6461
6462
6472
6477
6488
6530
6533
6558
6609
6640
6643
6669
6684
6695
6753
6770
6781
6806
6829
6869
8028
8032
8033
8042
8046
8054
8064
8072
8074
8104
8110
8111
8150
8210
8222
8227
8234
8249
8261
8271
8299
8358
8374
8390
8450
8996
9955
